1319
-3.843 2.172 2.679
      -3.839 2.320 2.823
      -3.828 1.836 2.601
      -3.831 2.166 2.690
      -3.829 2.310 2.830
      -3.805 2.418 3.079
      -3.782 1.540 2.493
      -3.741 2.398 3.304
      -3.730 2.384 3.294
      -3.679 1.140 2.550
      -3.674 1.850 2.580
      -3.671 2.148 2.660
      -3.691 2.292 3.463
      -3.656 2.366 2.913
      -3.557 0.834 2.660
      -3.549 1.154 2.627
      -3.572 2.042 3.554
      -3.533 2.264 2.576
      -3.561 2.410 3.240
      -3.518 1.920 2.457
      -3.551 2.134 3.287
      -3.521 2.432 2.719
      -3.514 0.622 2.841
      -3.478 1.852 2.697
      -3.478 2.142 2.774
      -3.217 1.060 3.184
      -3.471 2.544 2.995
      -3.298 1.590 3.422
      -3.472 2.506 3.290
      -3.445 0.820 2.933
      -3.428 1.580 2.687
      -3.439 2.392 3.455
      -3.398 0.330 3.224
      -3.432 2.054 2.990
      -3.371 1.222 2.602
      -3.327 0.928 2.707
      -3.310 0.622 2.831
      -3.318 2.214 3.526
      -3.285 0.284 3.175
      -3.267 0.484 2.985
      -3.277 2.154 3.181
      -3.254 0.806 2.984
      -3.247 0.164 3.553
      -3.217 0.562 3.048
      -3.237 2.090 3.541
      -3.204 0.664 3.123
      -3.218 2.132 3.395
      -3.213 2.082 3.516
      -3.190 1.248 3.767
      -3.161 1.758 2.922
      -3.144 0.414 3.243
      -3.146 0.498 3.316
      -3.141 2.302 3.162
      -3.154 1.766 3.704
      -3.117 3.234 2.939
      -3.101 0.876 3.028
      -3.107 0.862 3.833
      -3.083 0.538 3.338
      -3.057 1.850 2.666
      -3.082 1.252 3.963
      -3.061 0.404 3.490
      -3.037 1.126 2.884
      -3.028 1.342 2.837
      -3.078 1.294 4.662
      -3.080 3.371 3.948
      -3.081 1.282 5.085
      -3.020 1.128 2.869
      -3.068 2.350 4.020
      -3.046 0.572 3.810
      -3.058 1.906 4.110
      -3.059 2.818 3.980
      -2.972 4.059 2.778
      -3.002 0.890 3.028
      -2.986 1.318 2.647
      -2.996 0.738 3.196
      -3.024 1.588 5.568
      -3.034 1.208 5.483
      -3.024 1.268 4.230
      -2.993 0.354 3.797
      -3.023 2.006 4.681
      -2.999 0.540 4.313
      -3.015 2.464 4.613
      -2.968 4.279 3.944
      -2.933 1.012 2.717
      -2.956 0.586 3.358
      -3.033 3.508 4.659
      -3.005 2.052 5.167
      -2.994 0.502 4.614
      -3.007 2.966 4.613
      -2.927 0.450 3.148
      -2.961 0.298 4.101
      -2.964 1.504 5.838
      -2.980 0.478 4.948
      -2.871 1.772 2.097
      -2.952 2.012 5.643
      -2.991 3.579 5.201
      -2.964 4.262 4.739
      -2.954 2.518 5.169
      -2.903 -0.326 4.833
      -2.852 0.482 2.832
      -2.889 1.650 6.013
      -2.965 3.048 5.175
      -2.889 -0.350 4.613
      -2.944 0.416 5.264
      -2.892 1.376 6.147
      -2.945 1.048 6.000
      -2.866 -0.338 4.380
      -2.845 1.956 6.015
      -2.850 -0.612 4.896
      -2.934 3.050 5.385
      -2.895 2.250 5.680
      -2.924 3.586 5.594
      -2.919 4.297 5.352
      -2.823 -0.698 4.725
      -2.821 2.216 6.059
      -2.818 -0.322 4.206
      -2.771 -0.180 3.290
      -2.797 -0.862 5.097
      -2.784 -0.240 3.630
      -2.806 -0.690 5.287
      -2.918 0.686 5.782
      -2.829 -0.380 5.420
      -2.848 2.488 5.722
      -2.731 1.772 6.299
      -2.777 -0.322 4.089
      -2.723 -0.124 2.918
      -2.769 -0.956 4.954
      -2.669 1.900 1.499
      -2.718 1.912 6.282
      -2.764 -0.786 4.594
      -2.713 1.976 6.289
      -2.858 0.046 5.542
      -2.866 4.204 5.764
      -2.747 1.600 6.353
      -2.880 0.332 5.635
      -2.709 2.034 6.290
      -2.633 4.434 1.906
      -2.705 2.104 6.306
      -2.742 -0.308 3.903
      -2.774 2.480 6.174
      -2.786 1.228 6.438
      -2.695 2.178 6.332
      -2.727 1.534 6.402
      -2.803 3.526 6.161
      -2.659 0.532 2.376
      -2.840 0.894 6.341
      -2.645 5.082 3.998
      -2.819 4.047 6.069
      -2.813 2.980 5.922
      -2.725 -1.100 5.273
      -2.775 4.919 4.934
      -2.686 2.270 6.362
      -2.702 -1.022 4.811
      -2.697 1.474 6.469
      -2.774 4.861 5.496
      -2.616 1.832 6.467
      -2.767 3.804 6.315
      -2.610 1.924 6.464
      -2.630 1.688 6.484
      -2.605 1.984 6.467
      -2.791 4.697 5.731
      -2.748 -0.790 5.766
      -2.674 2.442 6.413
      -2.604 2.040 6.470
      -2.720 -0.968 5.691
      -2.607 2.102 6.475
      -2.674 -1.202 5.163
      -2.757 4.585 6.046
      -2.717 3.444 6.406
      -2.614 2.174 6.485
      -2.618 1.614 6.528
      -2.622 2.272 6.501
      -2.714 4.449 6.334
      -2.615 -0.860 3.773
      -2.762 -0.468 5.876
      -2.699 2.862 6.375
      -2.584 -0.844 3.421
      -2.822 0.540 6.197
      -2.681 -1.150 5.597
      -2.621 -0.848 4.396
      -2.703 4.094 6.507
      -2.598 1.564 6.589
      -2.470 3.496 1.094
      -2.620 2.400 6.546
      -2.786 -0.068 6.001
      -2.800 0.212 6.092
      -2.669 3.804 6.634
      -2.643 3.364 6.585
      -2.590 -1.298 5.086
      -2.633 2.762 6.573
      -2.652 3.670 6.678
      -2.522 2.144 6.626
      -2.506 2.064 6.617
      -2.503 1.752 6.648
      -2.541 2.240 6.630
      -2.491 1.944 6.622
      -2.494 2.006 6.620
      -2.486 1.886 6.630
      -2.485 1.840 6.640
      -2.613 -1.336 5.510
      -2.628 3.558 6.712
      -2.502 1.688 6.662
      -2.604 2.652 6.720
      -2.553 2.332 6.670
      -2.645 1.058 6.742
      -2.699 0.734 6.656
      -2.381 2.036 0.913
      -2.514 -0.884 4.062
      -2.518 -0.888 4.270
      -2.592 3.438 6.745
      -2.476 1.648 6.713
      -2.568 2.528 6.851
      -2.459 5.162 2.578
      -2.444 1.780 6.708
      -2.489 -1.142 4.601
      -2.558 3.276 6.807
      -2.538 -1.450 5.473
      -2.337 -1.558 3.059
      -2.523 1.258 6.823
      -2.352 -0.726 2.508
      -2.428 2.094 6.768
      -2.449 2.164 6.771
      -2.666 0.404 6.580
      -2.411 2.036 6.767
      -2.406 1.736 6.761
      -2.109 -2.562 1.896
      -2.536 3.130 6.898
      -2.611 -0.920 6.187
      -2.397 1.978 6.769
      -2.470 2.254 6.803
      -2.390 1.938 6.776
      -2.586 -1.088 6.119
      -2.634 -0.562 6.310
      -2.519 2.944 7.052
      -2.377 1.898 6.789
      -2.515 2.812 7.112
      -2.466 5.446 4.842
      -2.504 5.327 5.486
      -2.644 -0.164 6.444
      -2.478 2.394 6.938
      -2.504 2.684 7.143
      -2.646 0.100 6.505
      -2.243 -1.454 2.591
      -2.302 -1.650 3.549
      -2.534 5.122 5.925
      -2.267 0.594 1.347
      -2.358 1.856 6.811
      -2.417 1.404 6.892
      -2.545 -1.286 6.034
      -2.460 -1.560 5.440
      -2.349 1.696 6.824
      -2.493 4.953 6.309
      -2.180 -1.292 2.050
      -2.063 -2.734 2.567
      -2.313 1.826 6.859
      -2.435 2.562 7.202
      -2.426 4.800 6.595
      -2.047 -2.828 3.097
      -2.306 1.534 6.947
      -2.449 -1.578 5.879
      -1.937 -2.450 1.521
      -2.283 -1.292 4.530
      -2.337 2.248 7.025
      -2.039 -2.910 3.577
      -2.420 0.928 7.064
      -2.295 2.134 6.935
      -2.255 1.794 6.921
      -2.452 0.584 7.010
      -2.262 2.064 6.895
      -2.376 4.327 6.925
      -2.242 -1.346 4.344
      -2.242 2.028 6.882
      -2.228 2.000 6.890
      -2.376 -1.702 5.843
      -2.338 1.150 7.100
      -2.220 1.982 6.900
      -2.215 1.966 6.906
      -2.183 -1.756 4.187
      -2.213 1.636 6.984
      -2.057 -0.620 1.677
      -2.440 0.272 6.937
      -2.206 1.954 6.915
      -2.298 2.386 7.222
      -2.437 -0.654 6.669
      -2.199 1.766 6.974
      -2.000 -1.212 1.651
      -2.233 -1.464 4.944
      -2.199 1.940 6.922
      -2.447 -0.256 6.805
      -2.445 -0.012 6.871
      -2.233 2.160 7.016
      -2.305 4.076 7.103
      -2.394 -1.042 6.551
      -2.203 2.080 6.943
      -2.340 3.937 7.093
      -2.334 3.008 7.442
      -2.186 2.048 6.918
      -2.335 3.735 7.168
      -2.332 3.152 7.388
      -2.325 3.630 7.223
      -2.329 3.841 7.139
      -2.323 3.510 7.253
      -2.370 -1.228 6.496
      -2.325 3.324 7.300
      -2.174 2.022 6.921
      -2.313 2.846 7.470
      -2.164 1.750 7.008
      -2.232 1.322 7.120
      -2.166 2.006 6.926
      -2.164 1.904 6.961
      -2.160 1.996 6.932
      -2.155 1.986 6.938
      -2.149 1.976 6.944
      -2.344 -1.418 6.419
      -2.143 1.966 6.953
      -1.949 3.664 0.676
      -2.203 2.276 7.174
      -1.979 5.784 2.590
      -2.116 1.936 6.985
      -2.252 -1.810 5.788
      -2.248 2.686 7.490
      -2.126 1.458 7.133
      -2.109 2.042 6.942
      -2.102 1.872 7.023
      -2.105 2.022 6.958
      -2.103 2.014 6.962
      -2.112 2.088 6.997
      -2.101 2.008 6.966
      -2.097 2.002 6.971
      -2.090 1.992 6.978
      -2.081 1.782 7.065
      -2.091 2.080 6.965
      -2.054 5.721 5.748
      -2.083 2.028 6.961
      -2.157 5.445 6.273
      -2.016 5.880 5.007
      -2.078 2.068 6.960
      -2.144 5.194 6.635
      -2.073 1.912 7.041
      -2.259 -1.754 6.243
      -2.003 5.911 4.067
      -2.068 1.970 7.007
      -2.088 2.204 7.127
      -2.299 -0.324 6.973
      -2.058 2.056 6.984
      -2.283 -0.586 6.879
      -2.070 2.188 7.098
      -2.046 2.018 6.985
      -2.236 0.562 7.226
      -2.041 1.844 7.079
      -2.186 0.902 7.273
      -2.042 1.576 7.147
      -2.280 -0.108 7.048
      -2.022 -1.540 4.509
      -2.038 2.042 7.016
      -2.098 -1.778 5.339
      -2.052 2.162 7.100
      -2.107 4.912 6.902
      -2.239 -0.776 6.848
      -2.028 1.886 7.092
      -2.041 2.142 7.131
      -2.026 1.958 7.056
      -1.802 2.130 0.406
      -2.012 1.926 7.105
      -2.253 -0.338 7.027
      -2.181 -1.890 6.168
      -2.238 -0.596 6.927
      -2.019 2.122 7.148
      -2.005 2.014 7.045
      -2.103 2.518 7.444
      -2.006 2.022 7.095
      -1.778 -3.042 4.071
      -2.236 -0.128 7.093
      -1.962 2.022 7.030
      -2.208 0.220 7.175
      -2.086 1.124 7.310
      -1.612 -2.394 1.164
      -1.976 1.814 7.133
      -2.185 -0.788 6.904
      -1.973 1.684 7.173
      -1.976 2.012 7.145
      -2.155 -0.976 6.869
      -1.979 2.088 7.171
      -1.758 4.996 1.062
      -1.966 1.852 7.147
      -1.964 -1.634 4.809
      -1.959 1.894 7.163
      -1.935 2.018 7.085
      -2.025 2.424 7.397
      -2.178 0.078 7.207
      -2.023 4.508 7.256
      -1.730 0.616 0.890
      -1.933 1.728 7.173
      -1.933 1.984 7.206
      -2.108 -0.980 6.918
      -1.982 1.298 7.315
      -1.885 -1.886 4.500
      -1.968 2.386 7.353
      -1.910 1.784 7.178
      -1.909 1.862 7.203
      -1.889 1.993 7.134
      -2.067 -1.164 6.910
      -1.904 1.820 7.192
      -1.953 2.376 7.310
      -2.139 -0.358 7.149
      -2.055 -2.016 6.080
      -2.113 -0.610 7.054
      -2.128 -0.152 7.213
      -1.933 2.358 7.313
      -2.021 4.199 7.380
      -2.042 2.950 7.713
      -1.921 2.318 7.350
      -1.977 -2.004 5.680
      -2.074 -0.798 7.012
      -2.059 4.078 7.379
      -2.046 3.096 7.708
      -1.878 1.954 7.247
      -2.081 3.966 7.383
      -1.896 2.262 7.366
      -2.074 3.847 7.430
      -2.039 3.278 7.679
      -2.097 -0.026 7.279
      -1.997 2.790 7.706
      -1.887 1.440 7.320
      -2.007 -1.404 6.891
      -2.055 3.725 7.501
      -2.060 0.266 7.365
      -1.835 1.965 7.188
      -2.024 -0.986 7.006
      -2.038 3.610 7.563
      -2.005 -1.184 6.962
      -2.057 -0.610 7.111
      -1.859 2.204 7.369
      -2.056 0.146 7.345
      -2.069 -0.362 7.218
      -2.031 -0.800 7.052
      -2.057 0.008 7.324
      -2.061 -0.156 7.283
      -1.938 2.612 7.637
      -2.011 3.462 7.625
      -1.974 -1.596 6.855
      -1.990 -0.988 7.038
      -1.971 0.582 7.446
      -1.789 -1.765 4.727
      -1.992 -0.802 7.085
      -2.012 -0.598 7.160
      -1.574 -0.576 1.413
      -1.819 1.538 7.325
      -1.528 -1.186 1.379
      -2.020 -0.016 7.355
      -1.947 -1.208 7.009
      -2.016 -0.366 7.265
      -1.964 -0.990 7.064
      -2.016 -0.154 7.327
      -1.871 2.502 7.573
      -1.775 1.820 7.273
      -1.722 -2.028 4.645
      -1.854 0.920 7.467
      -1.889 -1.234 7.047
      -1.900 -1.924 6.689
      -1.945 0.100 7.435
      -1.748 1.916 7.307
      -1.745 1.634 7.326
      -1.895 -0.816 7.152
      -1.877 -1.008 7.124
      -1.914 -0.570 7.252
      -1.790 2.452 7.471
      -1.740 -1.954 5.135
      -1.638 -2.450 4.479
      -1.865 -2.090 6.602
      -1.710 1.929 7.246
      -1.775 2.456 7.423
      -1.911 -0.368 7.356
      -1.889 0.258 7.492
      -1.812 -2.175 5.968
      -1.768 2.434 7.449
      -1.903 0.036 7.457
      -1.750 2.388 7.490
      -1.898 -0.144 7.425
      -1.816 -1.254 7.094
      -1.738 2.340 7.505
      -1.703 1.686 7.320
      -1.837 -0.832 7.192
      -1.725 2.282 7.511
      -1.813 -1.030 7.165
      -1.763 -1.486 7.081
      -1.849 -0.548 7.306
      -1.714 1.164 7.458
      -1.670 1.730 7.315
      -1.800 3.142 7.853
      -1.793 3.000 7.855
      -1.729 -1.678 7.050
      -1.659 1.780 7.336
      -1.831 -0.342 7.428
      -1.763 2.842 7.812
      -1.732 -1.276 7.146
      -1.750 -2.214 6.519
      -1.535 6.122 5.764
      -1.672 -1.508 7.135
      -1.713 2.696 7.745
      -1.591 6.214 5.224
      -1.631 5.858 6.323
      -1.629 1.894 7.382
      -1.814 5.534 6.669
      -1.786 -0.136 7.498
      -1.680 5.274 7.016
      -1.717 0.584 7.587
      -1.320 6.427 3.331
      -1.631 1.336 7.457
      -1.594 1.908 7.306
      -1.505 -2.490 4.601
      -1.585 -2.044 4.984
      -1.665 -2.002 6.944
      -1.717 4.669 7.407
      -1.718 0.150 7.584
      -1.607 -2.207 5.515
      -1.638 2.576 7.615
      -1.330 -3.160 4.453
      -1.564 -1.530 7.193
      -1.768 4.022 7.638
      -1.728 4.159 7.620
      -1.717 4.304 7.570
      -1.639 -0.854 7.357
      -1.769 3.897 7.686
      -1.562 1.454 7.466
      -1.124 -2.348 0.919
      -1.752 3.794 7.741
      -1.744 3.664 7.789
      -1.524 -1.720 7.169
      -1.582 -1.094 7.301
      -1.581 -2.176 6.867
      -1.703 3.508 7.863
      -1.572 2.522 7.507
      -1.520 1.788 7.360
      -1.557 2.514 7.476
      -1.554 2.484 7.493
      -1.552 2.446 7.535
      -1.624 -0.482 7.476
      -1.546 2.392 7.548
      -1.536 2.338 7.547
      -1.638 3.352 7.939
      -1.454 -2.245 4.857
      -1.495 1.892 7.403
      -1.498 1.556 7.462
      -1.516 -2.391 6.385
      -1.383 -2.608 4.730
      -1.581 3.176 7.962
      -1.460 -1.324 7.323
      -1.543 -0.860 7.426
      -1.495 0.940 7.612
      -1.462 1.913 7.326
      -1.554 3.020 7.967
      -1.539 2.856 7.882
      -1.147 0.614 0.474
      -1.475 -1.108 7.353
      -1.511 2.718 7.783
      -1.467 -2.326 6.778
      -1.458 -2.255 5.252
      -1.330 -1.750 7.314
      -1.530 -0.236 7.618
      -1.466 2.614 7.667
      -1.407 1.658 7.447
      -1.507 -0.456 7.564
      -1.463 -0.868 7.464
      -1.315 -2.086 7.247
      -1.376 1.756 7.399
      -1.337 -1.348 7.350
      -1.377 1.716 7.419
      -1.415 -2.436 5.860
      -1.371 1.792 7.399
      -1.419 0.574 7.690
      -1.388 -1.124 7.388
      -1.408 2.544 7.547
      -1.362 -2.405 5.444
      -1.334 -2.449 5.117
      -1.393 2.524 7.502
      -1.353 1.910 7.437
      -1.384 2.490 7.515
      -1.379 2.458 7.559
      -1.350 1.192 7.576
      -1.374 2.400 7.569
      -1.370 2.356 7.570
      -1.260 -2.292 7.169
      -1.321 1.937 7.358
      -1.415 -0.202 7.676
      -1.233 -2.768 4.956
      -1.367 -0.882 7.466
      -1.411 -0.416 7.636
      -1.367 -0.004 7.705
      -0.944 -1.196 1.152
      -1.241 -1.364 7.427
      -1.265 -2.499 6.683
      -1.401 5.689 6.856
      -1.282 -1.136 7.398
      -1.344 3.200 8.059
      -1.319 -0.892 7.448
      -1.316 -0.912 7.440
      -1.304 -0.976 7.417
      -1.021 -3.302 4.686
      -1.312 3.054 8.050
      -1.133 -2.330 7.271
      -1.196 5.452 7.209
      -1.310 -0.804 7.511
      -1.248 1.370 7.555
      -0.919 -0.504 1.202
      -1.332 -0.580 7.654
      -1.284 2.886 7.933
      -1.151 -2.454 7.070
      -1.260 -1.114 7.415
      -1.302 -0.168 7.730
      -1.284 0.014 7.735
      -1.203 -2.589 5.328
      -1.071 -2.114 7.463
      -1.262 2.730 7.778
      -1.270 -0.900 7.431
      -1.276 -0.832 7.488
      -1.266 -0.910 7.425
      -1.304 -0.398 7.693
      -0.837 3.898 0.089
      -1.343 4.807 7.541
      -1.239 2.596 7.636
      -1.238 0.916 7.705
      -1.246 0.176 7.743
      -1.251 -0.944 7.413
      -1.207 2.322 7.525
      -1.182 1.864 7.410
      -1.271 -0.668 7.627
      -1.177 1.954 7.428
      -1.355 4.394 7.719
      -1.196 2.366 7.515
      -1.393 3.939 7.885
      -1.210 2.540 7.554
      -1.369 4.076 7.837
      -1.247 -0.854 7.476
      -1.365 3.830 7.949
      -1.238 -0.908 7.422
      -1.195 2.420 7.499
      -1.344 4.224 7.787
      -1.030 -1.636 7.523
      -1.232 -0.908 7.416
      -1.183 -2.571 5.702
      -1.192 2.462 7.468
      -1.151 1.979 7.355
      -1.346 3.706 8.000
      -1.185 1.526 7.546
      -1.185 2.496 7.454
      -1.166 -2.589 6.208
      -1.208 -1.014 7.424
      -1.214 -0.922 7.411
      -1.217 -0.876 7.459
      -1.078 -1.380 7.499
      -1.208 -0.912 7.412
      -1.200 0.036 7.771
      -1.226 -0.734 7.606
      -1.245 -0.380 7.730
      -1.202 -0.908 7.411
      -1.193 -0.912 7.401
      -1.194 -0.914 7.398
      -1.193 -0.138 7.787
      -1.196 -0.890 7.453
      -1.223 -0.522 7.741
      -1.176 0.194 7.774
      -1.275 3.546 8.056
      -1.184 -0.910 7.411
      -1.050 -2.884 5.191
      -1.200 -0.774 7.601
      -1.181 -0.914 7.385
      -1.178 -0.960 7.432
      -1.176 -0.910 7.404
      -0.867 6.390 2.366
      -1.090 -1.260 7.510
      -1.030 -2.588 6.984
      -1.175 -0.902 7.446
      -1.199 -0.586 7.733
      -1.170 -0.810 7.604
      -1.011 6.596 4.373
      -1.115 1.674 7.523
      -1.147 -0.924 7.428
      -0.941 -1.888 7.629
      -0.941 -2.392 7.450
      -1.143 -0.924 7.426
      -1.171 -0.652 7.715
      -1.027 6.484 5.287
      -1.149 -0.832 7.596
      -1.133 1.174 7.638
      -1.188 3.374 8.127
      -0.954 -2.526 7.248
      -1.016 -2.718 5.566
      -1.086 -1.126 7.540
      -1.146 -0.714 7.710
      -1.102 0.062 7.808
      -1.123 -0.860 7.582
      -1.106 0.212 7.798
      -1.042 2.282 7.480
      -0.996 -2.651 6.605
      -1.152 6.251 6.021
      -1.118 -0.778 7.714
      -0.663 2.208 -0.077
      -1.071 -1.060 7.554
      -1.028 2.328 7.470
      -1.099 3.206 8.148
      -1.105 -0.804 7.708
      -1.095 -0.886 7.569
      -1.025 1.814 7.472
      -1.016 2.378 7.458
      -0.973 2.050 7.415
      -0.973 2.059 7.341
      -1.079 6.052 6.504
      -1.060 3.046 8.117
      -0.998 1.856 7.456
      -0.981 1.900 7.438
      -1.078 -0.838 7.685
      -0.968 1.948 7.425
      -1.056 -0.990 7.590
      -1.053 -0.982 7.589
      -1.008 2.412 7.420
      -1.064 1.386 7.573
      -1.007 2.442 7.400
      -1.050 -0.950 7.548
      -1.034 2.896 7.981
      -1.119 3.550 8.097
      -1.051 -0.868 7.667
      -1.021 2.722 7.767
      -1.036 -0.952 7.577
      -0.978 -2.683 5.923
      -1.085 0.514 7.793
      -0.999 2.474 7.476
      -1.010 2.574 7.610
      -1.035 0.234 7.830
      -0.821 -2.198 7.691
      -1.035 3.204 8.164
      -0.633 5.456 0.968
      -0.976 5.813 6.963
      -0.883 -1.352 7.690
      -0.876 -2.678 6.926
      -0.935 -1.202 7.654
      -1.128 3.962 7.968
      -0.820 -1.494 7.714
      -1.001 -0.946 7.633
      -1.106 3.852 8.015
      -0.870 -2.714 6.255
      -0.936 -1.102 7.718
      -1.010 1.554 7.519
      -0.886 2.096 7.397
      -0.884 2.101 7.321
      -1.080 3.730 8.068
      -0.776 -1.736 7.746
      -0.966 -0.952 7.701
      -0.758 -2.657 7.206
      -0.938 -0.998 7.745
      -1.010 3.356 8.166
      -0.930 -1.012 7.760
      -0.850 5.584 7.252
      -0.962 -0.902 7.651
      -0.758 -2.584 7.415
      -0.990 -0.436 7.940
      -0.976 -0.306 7.937
      -1.024 3.554 8.116
      -0.980 -0.498 7.947
      -0.947 -0.084 7.892
      -1.008 0.518 7.843
      -0.962 -0.566 7.959
      -0.787 -2.768 6.031
      -0.507 0.600 0.377
      -0.931 0.106 7.878
      -0.955 4.907 7.653
      -1.025 3.854 8.034
      -0.939 -0.646 7.983
      -0.906 1.744 7.473
      -0.949 3.358 8.174
      -0.965 3.552 8.128
      -0.820 2.116 7.380
      -0.914 -0.724 8.018
      -0.814 2.123 7.319
      -0.915 3.194 8.165
      -0.911 -0.746 8.016
      -1.064 4.479 7.799
      -0.951 0.520 7.880
      -0.817 2.176 7.339
      -0.885 -0.782 7.984
      -0.902 0.236 7.885
      -0.814 2.224 7.363
      -0.658 -2.204 7.803
      -0.680 -1.992 7.826
      -0.950 3.736 8.095
      -0.657 -1.730 7.830
      -0.773 -2.811 5.793
      -0.851 -0.830 7.947
      -0.808 2.264 7.343
      -0.991 4.315 7.876
      -0.787 2.142 7.359
      -0.832 1.898 7.435
      -0.805 1.982 7.416
      -0.888 3.350 8.183
      -0.711 -1.256 7.866
      -0.787 2.058 7.400
      -0.600 -2.670 7.378
      -0.644 -1.390 7.867
      -0.611 -1.514 7.845
      -0.887 0.500 8.122
      -0.647 -2.419 7.699
      -0.900 0.516 7.911
      -0.730 -1.154 7.911
      -0.788 2.300 7.349
      -0.886 0.496 8.025
      -0.750 -1.012 7.974
      -0.770 -0.936 7.954
      -0.787 -0.908 7.905
      -0.966 4.129 7.948
      -0.741 -1.034 7.975
      -0.739 -1.048 7.968
      -0.866 0.416 8.116
      -0.771 -3.082 5.353
      -0.774 -0.882 7.919
      -0.783 1.998 7.419
      -0.847 0.514 8.232
      -0.853 0.436 8.232
      -0.835 0.599 8.143
      -0.844 0.600 8.067
      -0.848 0.404 7.920
      -0.765 2.332 7.347
      -0.847 0.396 8.017
      -0.856 3.552 8.149
      -0.842 0.400 7.946
      -0.752 2.180 7.353
      -0.903 3.977 8.016
      -0.844 0.505 7.947
      -0.785 1.942 7.451
      -0.791 0.604 8.234
      -0.746 2.114 7.376
      -0.790 0.520 8.331
      -0.794 0.444 8.332
      -0.743 2.374 7.423
      -0.867 3.858 8.063
      -0.754 2.026 7.421
      -0.733 2.152 7.368
      -0.796 0.356 8.217
      -0.808 0.613 7.991
      -0.798 3.338 8.191
      -0.757 -0.262 8.106
      -0.828 3.740 8.117
      -0.714 6.382 5.990
      -0.711 2.516 7.599
      -0.754 -0.374 8.113
      -0.782 0.316 8.118
      -0.760 1.854 7.508
      -0.716 0.624 8.322
      -0.715 2.670 7.778
      -0.763 0.914 7.947
      -0.653 6.148 6.577
      -0.746 -0.430 8.132
      -0.726 2.052 7.415
      -0.704 2.220 7.341
      -0.784 0.704 8.006
      -0.752 0.372 8.314
      -0.734 0.446 8.433
      -0.722 2.826 7.986
      -0.729 -0.488 8.158
      -0.726 -0.060 8.047
      -0.719 0.520 8.435
      -0.494 -2.277 7.861
      -0.521 -2.006 7.905
      -0.709 -0.548 8.197
      -0.474 -1.704 7.933
      -0.711 2.998 8.119
      -0.606 5.878 7.035
      -0.720 0.336 8.232
      -0.760 3.550 8.166
      -0.687 2.094 7.393
      -0.522 -2.585 7.580
      -0.708 2.002 7.451
      -0.669 2.278 7.390
      -0.691 0.364 8.411
      -0.696 1.746 7.601
      -0.684 -0.616 8.246
      -0.682 -0.644 8.248
      -0.651 0.617 8.434
      -0.690 0.082 8.035
      -0.436 -1.488 7.909
      -0.711 3.156 8.179
      -0.457 -1.370 7.960
      -0.525 -1.268 7.992
      -0.457 -2.464 7.778
      -0.656 2.178 7.375
      -0.580 -1.098 8.120
      -0.661 -0.708 8.208
      -0.577 -1.102 8.104
      -0.562 -1.182 8.037
      -0.577 -1.074 8.130
      -0.710 3.324 8.196
      -0.665 1.580 7.741
      -0.537 5.528 7.406
      -0.403 -3.606 5.133
      -0.666 2.032 7.445
      -0.613 -0.788 8.130
      -0.618 0.440 8.564
      -0.644 1.390 7.884
      -0.608 0.526 8.582
      -0.558 -0.958 8.137
      -0.633 1.174 8.010
      -0.639 1.942 7.517
      -0.551 -0.894 8.061
      -0.598 0.360 8.493
      -0.447 -2.772 6.973
      -0.628 2.062 7.441
      -0.547 -0.868 8.094
      -0.514 -2.822 6.605
      -0.608 0.190 8.112
      -0.503 -2.906 5.964
      -0.610 0.930 8.122
      -0.563 4.973 7.753
      -0.580 2.318 7.462
      -0.602 0.826 8.174
      -0.432 -2.903 6.121
      -0.406 -2.731 7.245
      -0.549 0.623 8.565
      -0.546 0.736 8.446
      -0.595 2.088 7.434
      -0.728 4.479 7.890
      -0.471 -2.869 6.278
      -0.567 0.350 8.434
      -0.580 0.771 8.338
      -0.546 2.450 7.623
      -0.644 4.297 7.959
      -0.564 2.122 7.442
      -0.520 2.592 7.778
      -0.581 1.984 7.524
      -0.368 -2.681 7.467
      -0.547 0.546 8.285
      -0.524 -0.248 8.257
      -0.555 1.850 7.652
      -0.523 -0.362 8.270
      -0.619 4.136 8.009
      -0.329 -2.586 7.674
      -0.539 2.160 7.451
      -0.515 -0.406 8.287
      -0.498 -0.106 8.229
      -0.500 -0.452 8.306
      -0.494 2.786 7.976
      -0.605 3.992 8.052
      -0.297 -1.665 8.000
      -0.465 0.755 8.554
      -0.317 -2.205 7.950
      -0.474 0.024 8.218
      -0.500 2.236 7.479
      -0.526 2.020 7.533
      -0.474 0.164 8.254
      -0.315 -1.944 7.994
      -0.474 -0.514 8.342
      -0.491 2.968 8.130
      -0.563 3.872 8.098
      -0.451 0.414 8.817
      -0.500 1.914 7.660
      -0.446 0.556 8.797
      -0.310 -2.427 7.852
      -0.447 -0.610 8.374
      -0.270 -1.456 7.969
      -0.494 2.034 7.542
      -0.447 -0.582 8.378
      -0.537 3.756 8.139
      -0.431 0.312 8.735
      -0.294 6.657 5.225
      -0.435 0.434 8.293
      -0.461 0.902 8.424
      -0.436 1.690 7.949
      -0.290 -1.348 8.030
      -0.457 3.122 8.191
      -0.453 1.970 7.650
      -0.395 -0.726 8.341
      -0.419 1.077 8.389
      -0.403 0.684 8.750
      -0.396 0.298 8.681
      -0.415 2.386 7.656
      -0.414 1.454 8.143
      -0.465 3.540 8.186
      -0.302 -1.280 8.103
      -0.407 1.340 8.235
      -0.392 0.490 8.481
      -0.425 2.010 7.642
      -0.393 1.222 8.334
      -0.272 6.465 6.136
      -0.302 -1.220 8.170
      -0.409 2.056 7.607
      -0.382 1.736 7.992
      -0.343 0.365 8.906
      -0.399 3.290 8.205
      -0.291 -1.162 8.251
      -0.298 6.196 6.705
      -0.292 -1.152 8.272
      -0.376 2.110 7.611
      -0.310 -0.806 8.255
      -0.344 0.837 8.710
      -0.341 0.240 8.758
      -0.356 2.302 7.625
      -0.339 0.256 8.828
      -0.287 -1.108 8.292
      -0.278 5.922 7.132
      -0.338 1.522 8.223
      -0.168 -2.589 7.739
      -0.339 0.487 8.937
      -0.335 2.942 8.132
      -0.317 2.780 8.034
      -0.308 2.686 7.925
      -0.189 -2.689 7.532
      -0.278 -0.986 8.290
      -0.310 2.508 7.781
      -0.331 0.614 8.917
      -0.333 2.186 7.637
      -0.270 -0.902 8.253
      -0.265 -0.910 8.182
      -0.327 3.095 8.179
      -0.310 2.324 7.693
      -0.307 1.018 8.623
      -0.284 -0.400 8.370
      -0.264 -0.860 8.202
      -0.293 0.286 8.901
      -0.194 -2.747 7.334
      -0.237 5.598 7.473
      -0.275 0.118 8.330
      -0.295 1.836 8.060
      -0.283 -0.442 8.383
      -0.284 0.405 8.975
      -0.296 0.735 8.889
      -0.271 -0.298 8.360
      -0.280 -0.484 8.399
      -0.342 3.994 8.073
      -0.336 3.868 8.112
      -0.226 4.935 7.824
      -0.268 1.166 8.554
      -0.325 3.754 8.143
      -0.256 -0.532 8.417
      -0.273 0.554 8.999
      -0.252 1.581 8.311
      -0.148 -2.168 8.022
      -0.347 4.489 7.949
      -0.134 -2.414 7.938
      -0.263 1.428 8.381
      -0.251 0.650 8.984
      -0.242 -0.606 8.433
      -0.238 -0.578 8.441
      -0.254 0.324 8.960
      -0.146 -1.904 8.066
      -0.225 -0.174 8.351
      -0.304 4.295 7.996
      -0.131 -1.608 8.057
      -0.253 1.300 8.469
      -0.225 -0.402 8.373
      -0.246 0.465 9.016
      -0.228 1.950 8.092
      -0.236 0.360 8.401
      -0.218 2.682 7.977
      -0.285 3.533 8.186
      -0.225 -0.442 8.385
      -0.212 2.536 7.923
      -0.238 0.918 8.810
      -0.215 -0.306 8.358
      -0.220 -0.486 8.400
      -0.210 2.384 7.932
      -0.214 0.791 8.933
      -0.216 2.790 8.051
      -0.213 -0.748 8.373
      -0.275 4.143 8.038
      -0.231 0.187 8.760
      -0.231 0.192 8.600
      -0.204 2.254 8.001
      -0.081 -3.314 5.786
      -0.218 0.340 8.558
      -0.241 3.996 8.073
      -0.120 -1.456 8.036
      -0.183 -0.816 8.290
      -0.198 -0.540 8.421
      -0.230 0.235 8.874
      -0.188 2.030 8.108
      -0.187 -0.042 8.345
      -0.201 2.910 8.117
      -0.174 -0.904 8.203
      -0.188 0.040 8.349
      -0.198 0.556 9.040
      -0.212 3.861 8.115
      -0.197 0.150 8.614
      -0.120 -1.354 8.083
      -0.183 -0.580 8.448
      -0.189 0.665 9.015
      -0.220 3.286 8.200
      -0.124 -1.284 8.138
      -0.169 -0.756 8.387
      -0.169 0.454 9.050
      -0.175 -0.616 8.443
      -0.165 -0.178 8.345
      -0.189 3.075 8.171
      -0.212 3.722 8.150
      -0.139 -2.805 7.078
      -0.196 0.262 8.931
      -0.103 -2.994 6.390
      -0.163 -0.410 8.351
      -0.127 -1.218 8.208
      -0.069 -2.760 7.337
      -0.172 0.959 8.839
      -0.193 0.373 9.014
      -0.095 -3.023 6.232
      -0.158 -0.452 8.366
      -0.153 -0.320 8.333
      -0.097 -3.073 6.089
      -0.162 0.296 8.978
      -0.152 -0.048 8.339
      -0.114 -2.912 6.717
      -0.176 1.100 8.719
      -0.141 -0.816 8.299
      -0.125 -1.162 8.290
      -0.125 -1.148 8.309
      -0.149 0.747 8.989
      -0.151 -0.498 8.380
      -0.050 -2.589 7.764
      -0.068 -2.696 7.569
      -0.127 -0.906 8.215
      -0.120 -1.096 8.319
      -0.167 3.525 8.188
      -0.140 -0.562 8.411
      -0.153 1.707 8.377
      -0.152 1.237 8.634
      -0.116 2.430 8.019
      -0.114 2.542 7.972
      -0.150 1.532 8.475
      -0.115 2.305 8.068
      -0.150 1.381 8.548
      -0.120 2.080 8.201
      -0.049 -2.119 8.070
      -0.050 -1.883 8.091
      -0.119 -0.650 8.446
      -0.120 -0.622 8.443
      -0.103 -0.978 8.314
      -0.098 2.651 8.024
      -0.108 -0.200 8.308
      -0.118 2.791 8.074
      -0.104 -0.762 8.401
      -0.120 0.166 8.747
      -0.143 0.216 8.870
      -0.104 2.956 8.146
      -0.085 -0.818 8.309
      -0.114 0.928 8.888
      -0.099 0.130 8.611
      -0.092 -0.070 8.323
      -0.117 3.284 8.206
      -0.076 -0.904 8.226
      -0.077 -0.896 8.285
      -0.072 -0.860 8.238
      -0.114 3.729 8.152
      -0.106 0.248 8.938
      -0.094 3.111 8.187
      -0.092 0.092 8.447
      -0.100 1.123 8.750
      -0.121 0.522 9.066
      -0.096 0.463 9.063
      -0.106 0.399 9.043
      -0.077 1.249 8.680
      -0.083 1.686 8.443
      -0.102 0.333 9.012
      -0.082 3.524 8.197
      -0.078 0.280 8.978
      -0.078 1.533 8.523
      -0.047 2.436 8.023
      -0.046 2.536 7.984
      -0.111 0.629 9.044
      -0.077 1.370 8.608
      -0.049 2.314 8.083
      -0.058 2.112 8.214
      -0.068 0.038 8.363
      -0.036 2.641 8.027
      -0.077 0.768 8.993
      -0.047 2.766 8.079
      -0.054 2.898 8.130
      -0.054 3.278 8.212
      -0.041 3.065 8.183
      -0.020 -0.856 8.238
      -0.023 -0.892 8.287
      -0.046 0.929 8.902
      0.000 -3.765 5.315
      0.000 -3.378 5.739
      0.000 -3.116 6.060
      0.000 -3.077 6.180
      0.000 -3.049 6.306
      0.000 -2.975 6.594
      0.000 -2.839 7.039
      0.000 -2.757 7.363
      0.000 -2.684 7.599
      0.000 -2.585 7.756
      0.000 -2.396 7.956
      0.000 -2.398 0.800
      0.000 -2.111 8.061
      0.000 -1.875 8.086
      0.000 -1.606 8.070
      0.000 -1.456 8.028
      0.000 -1.348 8.104
      0.000 -1.278 8.151
      0.000 -1.206 8.208
      0.000 -1.156 8.273
      0.000 -1.144 8.293
      0.000 -1.088 8.302
      0.000 -1.158 1.068
      0.000 -0.968 8.295
      0.000 -0.890 8.257
      0.000 -0.854 8.208
      0.000 -0.894 8.215
      0.000 -0.818 8.290
      0.000 -0.768 8.366
      0.000 -0.658 8.395
      0.000 -0.630 8.390
      0.000 -0.562 8.365
      0.000 -0.498 8.343
      0.000 -0.452 8.325
      0.000 -0.434 1.033
      0.000 -0.412 8.312
      0.000 -0.334 8.293
      0.000 -0.272 8.279
      0.000 -0.222 8.270
      0.000 -0.088 8.287
      0.000 0.022 8.381
      0.000 0.078 8.479
      0.000 0.113 8.590
      0.000 0.148 8.724
      0.000 0.205 8.872
      0.000 0.246 8.950
      0.000 0.274 8.979
      0.000 0.314 9.004
      0.000 0.371 9.033
      0.000 0.440 9.057
      0.000 0.626 0.310
      0.000 0.533 9.067
      0.000 0.662 9.043
      0.000 0.798 8.987
      0.000 0.947 8.901
      0.000 1.146 8.778
      0.000 1.256 8.706
      0.000 1.357 8.642
      0.000 1.523 8.558
      0.000 1.706 8.465
      0.000 2.141 8.211
      0.000 2.140 -0.213
      0.000 2.327 8.084
      0.000 2.440 8.033
      0.000 2.534 7.996
      0.000 2.634 8.044
      0.000 2.741 8.079
      0.000 2.913 8.141
      0.000 3.077 8.192
      0.000 3.251 8.218
      0.000 3.491 8.210
      0.000 3.710 8.166
      0.000 3.856 8.112
      0.000 3.979 8.060
      0.000 4.002 -0.026
      0.000 4.128 8.019
      0.000 4.281 7.983
      0.000 4.483 7.933
      0.000 4.924 7.825
      0.000 4.976 0.434
      0.000 5.542 7.550
      0.000 5.594 1.007
      0.000 5.924 7.190
      0.000 6.248 6.731
      0.000 6.528 6.135
      0.000 6.570 2.410
      0.000 6.732 5.218
      0.000 6.758 3.314
      0.000 6.798 4.331
      -0.370 -3.224 5.644
      -2.943 2.756 2.248
      -3.168 0.720 3.478
      -3.269 2.178 3.374
      -0.291 0.216 8.699
      -0.733 0.284 8.091
      -0.513 1.078 8.216
      -0.459 1.147 8.271
      -0.405 1.147 8.366
      -0.347 1.123 8.476
      -0.290 1.093 8.589
      -0.207 1.013 8.762
      -0.241 1.069 8.670
      -0.266 0.831 8.856
      -0.282 0.878 8.781
      -0.310 0.925 8.695
      -0.365 0.967 8.557
      -0.415 1.001 8.441
      -0.504 1.003 8.278
      -0.559 1.007 8.172
      -0.622 1.052 8.067
      -0.699 1.044 7.979
      0.000 1.934 8.333
      -0.090 1.881 8.331
      -0.132 1.880 8.305
      -0.168 1.866 8.253
      -0.193 1.816 8.242
      -0.225 1.748 8.236
      -0.283 1.695 8.185
      -0.320 1.675 8.140
      -0.360 1.626 8.108
      -0.398 1.596 8.067
      -0.425 1.572 8.047
      -0.327 1.328 8.356
      -0.523 1.314 8.076
      -2.897 -0.104 5.147
      0.000 4.708 7.880
      -0.295 4.703 7.888
      -0.630 4.693 7.842
      -1.001 4.655 7.750
      -1.359 4.581 7.644
      -1.717 4.474 7.505
      -2.095 4.314 7.261
      -2.417 4.133 6.938
      -2.677 3.958 6.591
      -0.289 5.245 7.690
      0.000 5.228 7.691
      -0.576 5.235 7.617
      -0.868 5.246 7.497
      -1.301 5.102 7.385
      -1.716 4.915 7.245
      -2.087 4.662 7.093
      -2.468 4.506 6.711
      -2.728 4.245 6.409
2507
2 0 3  
     4 0 1  
     3 0 4  
     5 4 1  
     7 4 5  
     6 2 10  
     11 2 3  
     10 2 11  
     11 3 4  
     12 8 7  
     11 4 13  
     7 13 4  
     15 14 9  
     14 15 9  
     15 6 9  
     6 15 9  
     1 0 17  
     7 18 13  
     7 8 18  
     12 18 8  
     0 19 17  
     2 6 19  
     2 19 0  
     12 20 18  
     1 17 21  
     19 23 24  
     17 19 24  
     21 17 24  
     1 21 26  
     7 5 26  
     5 1 26  
     12 16 27  
     12 27 20  
     27 25 15  
     7 26 28  
     25 29 15  
     29 22 14  
     15 29 14  
     30 23 19  
     6 10 30  
     27 15 30  
     6 30 15  
     6 15 30  
     6 30 19  
     16 12 31  
     7 31 12  
     7 28 31  
     33 20 27  
     33 18 20  
     27 30 33  
     33 13 18  
     33 11 13  
     33 10 11  
     33 24 23  
     21 24 33  
     33 23 30  
     33 30 10  
     28 26 33  
     21 33 26  
     15 34 30  
     15 35 34  
     35 15 14  
     35 14 36  
     22 36 14  
     22 32 38  
     22 38 39  
     22 39 36  
     36 41 35  
     42 38 32  
     36 43 41  
     38 43 39  
     36 39 43  
     44 31 37  
     44 16 31  
     45 41 43  
     27 48 25  
     33 30 49  
     30 33 49  
     38 50 43  
     38 42 50  
     43 51 45  
     41 45 51  
     51 43 50  
     44 40 52  
     53 44 47  
     44 53 47  
     44 53 16  
     53 27 16  
     53 48 27  
     44 52 54  
     41 51 57  
     41 57 51  
     30 58 33  
     59 56 48  
     53 59 48  
     51 50 60  
     42 60 50  
     57 51 60  
     51 57 60  
     62 30 34  
     62 34 35  
     62 35 41  
     62 61 66  
     62 66 61  
     62 41 66  
     41 55 66  
     41 66 55  
     67 53 44  
     67 59 53  
     44 70 67  
     64 70 54  
     44 54 70  
     64 54 71  
     61 72 66  
     66 72 61  
     66 73 62  
     30 62 73  
     30 73 58  
     66 74 72  
     41 74 66  
     41 51 74  
     67 69 77  
     67 77 59  
     78 42 32  
     42 78 60  
     78 68 56  
     78 56 68  
     78 51 60  
     79 65 63  
     79 63 77  
     79 77 69  
     67 79 69  
     80 59 77  
     80 56 59  
     80 78 56  
     67 70 81  
     81 79 67  
     64 71 82  
     66 72 83  
     73 66 83  
     84 74 51  
     72 74 84  
     82 85 64  
     86 75 76  
     86 76 65  
     86 65 79  
     81 86 79  
     87 77 63  
     87 80 77  
     65 87 63  
     81 70 88  
     88 70 64  
     88 64 85  
     72 84 89  
     89 84 51  
     89 51 78  
     80 90 78  
     76 75 91  
     65 92 87  
     73 93 58  
     75 86 94  
     95 85 96  
     96 85 82  
     81 88 97  
     97 86 81  
     97 94 86  
     98 87 92  
     99 72 89  
     99 83 72  
     94 100 75  
     91 75 100  
     85 95 101  
     97 88 101  
     85 101 88  
     98 102 87  
     103 65 76  
     103 92 65  
     98 92 103  
     104 91 100  
     91 105 76  
     104 105 91  
     102 106 87  
     106 80 87  
     106 90 80  
     100 94 107  
     95 109 101  
     109 97 101  
     97 110 94  
     94 110 107  
     109 95 111  
     112 111 95  
     95 96 112  
     98 108 113  
     98 113 102  
     107 110 114  
     106 115 90  
     78 116 89  
     78 118 116  
     117 108 119  
     120 76 105  
     103 76 120  
     122 114 110  
     110 97 122  
     109 122 97  
     107 123 100  
     90 115 124  
     125 89 116  
     125 99 89  
     126 108 117  
     108 126 113  
     128 123 107  
     102 129 106  
     113 129 102  
     128 107 130  
     111 112 132  
     123 133 100  
     100 133 104  
     131 103 134  
     103 120 134  
     107 114 135  
     135 130 107  
     54 136 71  
     135 114 137  
     78 138 118  
     90 124 138  
     78 90 138  
     114 122 139  
     140 105 104  
     137 114 141  
     142 104 133  
     144 83 99  
     144 73 83  
     144 93 73  
     144 127 93  
     105 140 145  
     146 96 82  
     147 143 111  
     147 111 132  
     148 111 143  
     148 109 111  
     109 148 122  
     148 139 122  
     117 149 126  
     96 146 150  
     150 112 96  
     139 151 114  
     151 141 114  
     113 152 129  
     152 113 126  
     140 104 153  
     142 153 104  
     150 154 112  
     128 155 123  
     156 143 147  
     130 157 128  
     155 128 157  
     158 142 133  
     123 158 133  
     123 155 158  
     130 159 157  
     130 135 159  
     160 132 112  
     160 112 154  
     121 161 119  
     151 139 162  
     159 135 163  
     137 163 135  
     119 164 117  
     164 149 117  
     119 161 164  
     141 165 137  
     137 165 163  
     126 149 166  
     152 126 166  
     160 167 132  
     167 147 132  
     148 143 168  
     168 143 156  
     151 169 141  
     141 169 165  
     158 170 142  
     170 153 142  
     151 171 169  
     162 171 151  
     167 172 147  
     138 173 118  
     131 174 121  
     174 161 121  
     148 168 175  
     148 175 139  
     175 162 139  
     118 176 116  
     176 125 116  
     176 118 173  
     105 145 177  
     105 177 120  
     164 178 149  
     106 179 115  
     179 124 115  
     106 129 179  
     152 179 129  
     180 156 147  
     170 181 153  
     54 182 136  
     171 162 183  
     134 184 131  
     184 174 131  
     134 185 184  
     120 185 134  
     120 177 185  
     156 186 168  
     187 175 168  
     152 166 188  
     189 175 187  
     162 175 189  
     189 183 162  
     190 187 168  
     168 186 190  
     165 169 191  
     165 191 192  
     163 165 192  
     193 170 158  
     155 193 158  
     169 171 194  
     169 194 191  
     157 159 195  
     159 196 195  
     163 196 159  
     163 192 196  
     157 195 197  
     197 155 157  
     193 155 198  
     155 197 198  
     149 178 199  
     166 149 199  
     187 190 200  
     181 170 201  
     201 170 193  
     189 202 183  
     203 171 183  
     203 194 171  
     145 140 204  
     145 204 205  
     205 177 145  
     173 138 207  
     124 207 138  
     124 179 208  
     207 124 208  
     187 200 209  
     181 201 210  
     211 183 202  
     211 203 183  
     212 71 136  
     82 71 212  
     82 212 146  
     213 201 193  
     213 193 198  
     179 152 214  
     188 214 152  
     214 208 179  
     189 187 215  
     215 187 209  
     166 199 216  
     216 188 166  
     218 140 153  
     218 204 140  
     181 218 153  
     219 99 125  
     219 144 99  
     176 219 125  
     192 191 220  
     221 191 194  
     220 191 221  
     177 205 222  
     177 222 185  
     223 196 192  
     192 220 223  
     201 213 224  
     201 224 210  
     215 226 189  
     174 227 161  
     195 196 228  
     228 196 223  
     194 203 229  
     194 229 221  
     197 195 230  
     195 228 230  
     161 231 164  
     227 231 161  
     232 174 184  
     227 174 232  
     233 189 226  
     233 202 189  
     211 202 233  
     198 197 234  
     197 230 234  
     211 233 235  
     236 150 146  
     237 154 150  
     237 150 236  
     185 238 184  
     232 184 238  
     239 203 211  
     229 203 239  
     240 239 211  
     211 235 240  
     185 241 238  
     185 222 241  
     176 242 219  
     176 217 242  
     217 176 243  
     243 176 173  
     243 173 207  
     167 160 244  
     244 160 154  
     244 154 237  
     245 206 127  
     144 245 127  
     198 234 246  
     181 247 218  
     210 247 181  
     231 248 164  
     248 199 178  
     164 248 178  
     188 216 249  
     210 224 250  
     167 251 172  
     167 244 251  
     242 225 252  
     242 252 219  
     253 225 242  
     217 253 242  
     213 198 254  
     198 246 254  
     255 239 240  
     172 251 256  
     217 257 253  
     258 247 210  
     250 258 210  
     199 248 259  
     259 216 199  
     208 214 261  
     262 229 239  
     263 257 217  
     263 217 243  
     218 264 204  
     264 205 204  
     265 229 262  
     265 221 229  
     224 213 266  
     213 254 266  
     205 264 267  
     267 222 205  
     221 265 268  
     268 220 221  
     261 270 208  
     270 207 208  
     271 220 268  
     223 220 271  
     223 271 272  
     228 223 272  
     216 259 273  
     273 249 216  
     247 274 218  
     218 274 264  
     228 272 275  
     230 228 275  
     230 275 276  
     234 230 276  
     270 277 207  
     243 207 277  
     277 263 243  
     250 278 258  
     219 252 279  
     144 279 245  
     219 279 144  
     267 280 222  
     280 241 222  
     234 276 281  
     246 234 281  
     282 239 255  
     282 262 239  
     238 283 232  
     283 227 232  
     284 250 224  
     224 266 284  
     285 279 252  
     225 285 252  
     225 260 285  
     214 188 286  
     188 249 286  
     214 286 261  
     246 281 287  
     287 254 246  
     238 288 283  
     289 288 238  
     280 289 241  
     289 238 241  
     290 265 262  
     231 227 292  
     227 283 292  
     265 290 293  
     293 268 265  
     186 294 190  
     186 291 294  
     235 233 295  
     268 293 296  
     296 271 268  
     209 200 297  
     295 233 298  
     299 209 297  
     215 209 299  
     190 300 200  
     297 200 300  
     190 294 300  
     301 215 299  
     302 248 231  
     231 292 302  
     303 215 301  
     303 233 226  
     233 303 298  
     226 215 303  
     304 272 271  
     271 296 304  
     305 255 240  
     235 305 240  
     305 235 295  
     284 306 250  
     278 250 306  
     247 307 274  
     258 307 247  
     272 304 308  
     308 275 272  
     309 254 287  
     308 310 275  
     310 276 275  
     276 310 311  
     311 281 276  
     311 312 281  
     287 281 312  
     302 313 248  
     313 259 248  
     287 312 314  
     314 309 287  
     136 182 315  
     262 316 290  
     316 262 282  
     146 212 317  
     314 318 309  
     319 249 273  
     320 282 255  
     320 255 305  
     321 307 258  
     278 321 258  
     322 296 293  
     322 304 296  
     318 323 309  
     323 254 309  
     323 266 254  
     324 310 308  
     308 304 324  
     322 324 304  
     324 325 310  
     325 311 310  
     326 293 290  
     293 326 322  
     327 312 311  
     325 327 311  
     312 327 328  
     328 314 312  
     328 329 314  
     329 318 314  
     284 330 306  
     284 266 330  
     322 326 331  
     244 237 332  
     322 333 324  
     333 325 324  
     334 251 244  
     244 332 334  
     237 335 332  
     335 237 236  
     336 322 331  
     333 322 336  
     256 251 337  
     337 251 334  
     318 338 323  
     259 313 339  
     339 273 259  
     340 335 236  
     146 340 236  
     146 317 340  
     341 338 318  
     329 341 318  
     342 326 290  
     342 290 316  
     333 336 344  
     288 343 345  
     288 345 283  
     346 326 342  
     331 326 346  
     344 347 333  
     333 347 325  
     325 347 327  
     347 329 328  
     327 347 328  
     267 348 280  
     348 267 264  
     338 349 323  
     349 266 323  
     349 330 266  
     264 274 350  
     348 264 350  
     321 278 351  
     351 278 306  
     352 288 289  
     352 343 288  
     280 352 289  
     261 353 270  
     344 354 347  
     286 249 355  
     319 355 249  
     356 344 336  
     331 356 336  
     331 346 356  
     256 337 357  
     345 358 283  
     358 292 283  
     338 359 349  
     360 344 356  
     360 354 344  
     338 341 361  
     361 359 338  
     182 206 362  
     182 362 315  
     359 361 363  
     352 364 343  
     339 365 273  
     365 319 273  
     343 366 345  
     345 366 358  
     364 366 343  
     367 354 360  
     367 368 354  
     368 347 354  
     347 368 329  
     368 341 329  
     368 361 341  
     369 282 320  
     370 363 361  
     368 370 361  
     277 371 263  
     352 372 364  
     280 348 374  
     352 280 374  
     307 375 274  
     350 274 375  
     359 377 349  
     330 349 377  
     358 366 378  
     330 379 306  
     351 306 379  
     363 370 380  
     378 381 358  
     358 381 292  
     367 382 368  
     136 315 383  
     212 136 383  
     383 317 212  
     377 359 384  
     363 384 359  
     385 286 355  
     261 286 385  
     385 353 261  
     384 363 386  
     380 386 363  
     387 370 373  
     387 380 370  
     282 388 316  
     388 282 369  
     389 352 374  
     372 352 389  
     391 362 206  
     245 391 206  
     379 330 392  
     377 392 330  
     386 380 393  
     378 394 381  
     321 395 307  
     307 395 375  
     396 270 353  
     396 277 270  
     397 316 388  
     342 316 397  
     384 398 377  
     392 377 398  
     393 399 386  
     384 386 399  
     380 400 393  
     400 380 387  
     302 292 401  
     292 381 401  
     394 401 381  
     384 399 402  
     384 402 398  
     403 342 397  
     342 403 346  
     372 404 364  
     365 405 319  
     364 406 366  
     406 378 366  
     404 406 364  
     372 407 404  
     389 407 372  
     346 403 408  
     408 360 356  
     346 408 356  
     305 295 410  
     411 367 360  
     411 360 408  
     319 412 355  
     405 412 319  
     413 394 378  
     413 378 406  
     414 294 291  
     414 291 409  
     298 415 295  
     410 295 415  
     399 393 416  
     417 300 294  
     417 294 414  
     418 367 411  
     418 382 367  
     297 419 299  
     419 297 300  
     419 300 417  
     415 298 420  
     420 298 303  
     421 407 389  
     422 305 410  
     422 320 305  
     395 321 423  
     351 423 321  
     302 401 424  
     313 302 424  
     301 299 425  
     299 419 425  
     426 374 348  
     427 393 400  
     427 416 393  
     413 428 394  
     301 425 429  
     401 394 430  
     430 394 428  
     430 424 401  
     404 431 406  
     418 432 382  
     433 374 426  
     389 374 433  
     434 404 407  
     434 431 404  
     435 406 431  
     413 406 435  
     435 428 413  
     436 389 433  
     389 436 421  
     437 421 436  
     434 407 437  
     437 407 421  
     438 320 422  
     438 369 320  
     429 439 301  
     301 439 303  
     420 303 439  
     313 424 440  
     440 339 313  
     435 441 428  
     426 348 442  
     442 348 350  
     385 443 353  
     443 396 353  
     444 435 431  
     444 441 435  
     444 431 445  
     434 445 431  
     446 279 285  
     245 279 446  
     446 391 245  
     423 351 447  
     379 447 351  
     446 285 448  
     285 260 448  
     448 260 376  
     449 437 436  
     428 441 450  
     430 428 450  
     451 445 434  
     437 451 434  
     444 452 441  
     449 453 437  
     451 437 453  
     388 369 454  
     454 369 438  
     416 455 399  
     455 402 399  
     443 456 396  
     442 350 457  
     457 350 375  
     450 441 458  
     452 458 441  
     459 339 440  
     459 365 339  
     460 436 433  
     460 449 436  
     433 426 460  
     416 461 455  
     427 461 416  
     392 462 379  
     447 379 462  
     463 452 444  
     463 444 445  
     463 464 452  
     464 458 452  
     451 465 445  
     463 445 465  
     466 388 454  
     466 397 388  
     467 355 412  
     385 355 467  
     467 443 385  
     456 468 396  
     396 468 277  
     277 468 371  
     469 365 459  
     469 405 365  
     470 461 427  
     471 408 403  
     397 471 403  
     397 466 471  
     451 472 465  
     472 451 453  
     460 426 473  
     473 426 442  
     405 474 412  
     471 475 408  
     411 408 475  
     476 449 460  
     477 418 411  
     411 475 477  
     472 453 478  
     453 449 478  
     478 449 476  
     458 464 479  
     418 477 480  
     392 481 462  
     392 398 481  
     482 463 465  
     463 482 464  
     483 432 418  
     483 418 480  
     464 482 484  
     464 484 479  
     485 440 424  
     430 485 424  
     430 450 485  
     458 479 485  
     450 458 485  
     482 465 486  
     486 465 472  
     457 375 487  
     395 487 375  
     481 398 488  
     398 402 488  
     455 488 402  
     415 420 489  
     489 490 415  
     415 490 410  
     440 485 491  
     491 459 440  
     461 492 455  
     488 455 492  
     478 493 472  
     486 472 493  
     494 410 490  
     410 494 422  
     479 484 495  
     496 474 405  
     496 405 469  
     485 479 498  
     479 495 498  
     422 494 499  
     422 499 438  
     332 500 497  
     500 332 335  
     501 332 497  
     501 334 332  
     492 461 502  
     503 337 334  
     503 334 501  
     493 478 504  
     504 478 476  
     505 337 503  
     505 357 337  
     457 506 442  
     473 442 506  
     340 317 507  
     423 508 395  
     395 508 487  
     461 509 502  
     509 461 470  
     468 456 510  
     443 467 511  
     511 456 443  
     512 459 491  
     469 459 512  
     504 476 514  
     476 460 514  
     514 460 473  
     514 473 506  
     515 412 474  
     467 412 515  
     516 438 499  
     454 438 516  
     516 466 454  
     517 468 510  
     517 371 468  
     498 495 518  
     419 417 519  
     519 417 414  
     519 414 520  
     520 414 409  
     520 409 521  
     482 522 484  
     482 486 522  
     523 425 419  
     419 519 523  
     508 423 524  
     447 524 423  
     448 376 525  
     523 526 425  
     526 429 425  
     429 526 527  
     527 439 429  
     491 528 512  
     491 485 528  
     518 528 498  
     498 528 485  
     484 522 529  
     495 484 529  
     530 496 469  
     469 512 530  
     439 527 531  
     420 439 531  
     466 516 532  
     532 471 466  
     502 533 492  
     492 533 488  
     534 475 471  
     471 532 534  
     534 535 475  
     535 477 475  
     535 536 477  
     522 486 537  
     486 493 537  
     538 477 536  
     538 480 477  
     539 483 480  
     539 480 538  
     540 489 420  
     420 531 540  
     541 510 456  
     456 511 541  
     542 502 509  
     502 542 533  
     524 447 543  
     543 447 462  
     496 544 474  
     541 545 510  
     517 510 545  
     546 490 489  
     546 489 540  
     495 529 547  
     518 495 547  
     522 537 548  
     522 548 529  
     506 457 549  
     457 487 549  
     542 509 550  
     490 546 551  
     552 490 551  
     490 552 494  
     552 499 494  
     446 553 391  
     362 391 553  
     547 529 554  
     529 548 554  
     555 499 552  
     555 516 499  
     556 544 496  
     556 496 530  
     557 467 515  
     467 557 511  
     557 541 511  
     528 518 558  
     537 493 559  
     493 504 559  
     516 555 560  
     532 516 560  
     481 561 462  
     543 462 561  
     548 537 562  
     559 562 537  
     548 562 563  
     548 563 554  
     512 528 564  
     528 558 564  
     564 530 512  
     488 533 565  
     547 554 566  
     488 565 567  
     488 567 481  
     481 567 561  
     515 474 568  
     544 568 474  
     542 569 533  
     565 533 569  
     514 506 570  
     549 570 506  
     571 566 554  
     554 563 571  
     532 560 572  
     572 534 532  
     568 573 515  
     573 557 515  
     574 545 541  
     557 574 541  
     573 574 557  
     534 572 575  
     535 534 575  
     542 576 569  
     576 542 550  
     535 575 577  
     577 536 535  
     536 577 578  
     538 536 578  
     549 487 579  
     579 487 508  
     580 539 538  
     538 578 580  
     539 580 581  
     556 530 582  
     582 530 564  
     576 550 583  
     584 562 559  
     574 585 545  
     517 545 585  
     563 586 571  
     563 562 587  
     584 587 562  
     588 504 514  
     559 504 588  
     588 584 559  
     589 446 448  
     448 525 589  
     571 590 566  
     591 544 556  
     592 505 503  
     503 501 592  
     571 586 593  
     571 593 590  
     546 540 594  
     594 551 546  
     586 595 596  
     596 597 586  
     586 597 593  
     598 517 585  
     594 599 551  
     582 564 600  
     601 505 592  
     586 602 595  
     524 603 508  
     579 508 603  
     446 589 604  
     446 604 553  
     605 563 587  
     586 563 605  
     602 586 605  
     606 551 599  
     551 606 552  
     607 591 556  
     556 582 607  
     582 600 607  
     608 593 597  
     609 587 584  
     610 609 584  
     584 588 610  
     574 611 585  
     574 573 611  
     564 558 612  
     612 600 564  
     613 552 606  
     613 560 555  
     552 613 555  
     596 595 614  
     615 595 602  
     614 595 615  
     596 614 616  
     617 605 587  
     617 587 609  
     315 618 383  
     315 362 618  
     613 620 560  
     620 572 560  
     549 621 570  
     579 621 549  
     588 514 622  
     570 622 514  
     622 610 588  
     596 623 597  
     596 616 623  
     576 625 569  
     565 569 625  
     626 602 605  
     576 627 625  
     583 627 576  
     629 581 580  
     629 624 581  
     630 526 523  
     630 523 519  
     620 631 572  
     572 631 575  
     630 519 632  
     632 519 520  
     633 614 615  
     526 634 527  
     630 634 526  
     635 614 633  
     614 635 616  
     636 578 577  
     636 580 578  
     636 629 580  
     632 520 637  
     637 520 521  
     637 521 628  
     638 558 518  
     518 547 638  
     547 566 638  
     566 590 638  
     616 635 639  
     639 623 616  
     568 640 573  
     640 611 573  
     636 577 641  
     583 642 627  
     643 531 527  
     527 634 643  
     603 524 644  
     543 644 524  
     645 577 575  
     577 645 641  
     575 631 645  
     568 646 640  
     591 646 544  
     646 568 544  
     597 647 608  
     647 597 623  
     639 648 623  
     649 635 633  
     590 593 650  
     593 608 650  
     650 638 590  
     651 635 649  
     651 639 635  
     609 610 652  
     653 602 626  
     615 602 653  
     648 639 655  
     651 655 639  
     657 655 651  
     654 617 658  
     652 658 609  
     617 609 658  
     651 659 657  
     651 649 659  
     617 660 605  
     660 617 654  
     661 652 610  
     661 610 622  
     531 643 662  
     531 662 540  
     648 655 663  
     656 663 655  
     585 611 664  
     598 585 664  
     665 615 653  
     665 633 615  
     663 667 648  
     623 648 667  
     623 667 647  
     656 668 663  
     317 383 669  
     317 669 507  
     650 608 670  
     607 671 591  
     657 659 672  
     657 672 666  
     605 673 626  
     660 673 605  
     633 665 674  
     633 674 649  
     675 500 335  
     675 335 340  
     675 340 507  
     644 543 676  
     561 676 543  
     677 667 663  
     677 663 668  
     638 678 558  
     678 612 558  
     679 600 612  
     677 668 680  
     681 626 673  
     626 681 653  
     497 500 682  
     675 682 500  
     683 649 674  
     659 649 683  
     603 684 579  
     579 684 621  
     685 594 540  
     540 662 685  
     607 686 671  
     607 600 686  
     679 686 600  
     687 664 611  
     640 687 611  
     608 688 670  
     608 647 688  
     689 653 681  
     689 665 653  
     658 652 690  
     691 672 659  
     691 659 683  
     692 690 652  
     652 661 692  
     629 693 624  
     646 591 694  
     671 694 591  
     497 682 695  
     501 497 695  
     674 665 696  
     696 665 689  
     362 553 697  
     362 697 618  
     698 667 677  
     647 667 698  
     647 698 688  
     693 629 699  
     700 599 594  
     685 700 594  
     701 674 696  
     701 683 674  
     672 691 702  
     561 567 703  
     676 561 703  
     699 629 704  
     704 636 641  
     704 629 636  
     642 705 627  
     642 706 705  
     501 695 707  
     592 501 707  
     599 700 708  
     565 709 567  
     703 567 709  
     709 565 710  
     565 625 710  
     711 683 701  
     691 683 711  
     627 712 625  
     712 710 625  
     712 627 705  
     698 677 713  
     677 714 713  
     680 714 677  
     704 641 715  
     645 715 641  
     603 716 684  
     644 716 603  
     715 645 717  
     672 702 718  
     719 613 606  
     599 719 606  
     719 599 708  
     662 720 685  
     720 662 643  
     721 691 711  
     702 691 721  
     613 719 722  
     620 613 722  
     680 723 714  
     687 640 724  
     646 724 640  
     570 621 725  
     570 725 622  
     725 661 622  
     717 645 726  
     726 645 631  
     620 722 727  
     631 620 727  
     631 727 726  
     728 690 692  
     729 612 678  
     679 612 729  
     700 730 708  
     383 618 731  
     383 731 669  
     592 707 732  
     592 732 601  
     650 670 733  
     734 694 671  
     670 735 733  
     735 688 698  
     670 688 735  
     736 634 630  
     630 632 736  
     650 733 737  
     737 638 650  
     738 702 721  
     718 702 738  
     634 736 739  
     634 739 643  
     740 646 694  
     724 646 740  
     735 698 741  
     713 741 698  
     716 644 742  
     706 743 705  
     705 743 712  
     706 744 743  
     643 739 745  
     746 678 638  
     737 746 638  
     747 714 723  
     671 686 748  
     671 748 734  
     749 713 714  
     714 747 749  
     685 720 750  
     750 730 700  
     750 700 685  
     713 749 751  
     751 741 713  
     601 732 752  
     723 753 747  
     754 748 686  
     679 754 686  
     660 654 755  
     658 756 654  
     755 654 756  
     757 750 720  
     720 643 757  
     757 643 745  
     660 755 758  
     660 758 673  
     658 759 756  
     690 759 658  
     760 692 661  
     760 661 725  
     761 673 758  
     689 681 761  
     673 761 681  
     740 762 724  
     697 553 763  
     553 604 763  
     728 764 690  
     759 690 764  
     739 736 766  
     739 766 745  
     689 761 767  
     696 689 767  
     742 644 768  
     703 768 676  
     676 768 644  
     757 769 750  
     730 750 769  
     757 745 770  
     757 770 769  
     744 771 743  
     771 712 743  
     696 767 772  
     744 773 771  
     708 730 774  
     701 696 775  
     775 696 772  
     777 728 692  
     692 760 777  
     701 779 711  
     779 701 775  
     764 728 780  
     693 699 781  
     778 693 781  
     782 729 783  
     783 729 678  
     783 678 746  
     784 770 745  
     745 766 784  
     785 783 746  
     724 762 786  
     724 786 687  
     787 711 779  
     711 787 721  
     788 699 704  
     788 781 699  
     715 788 704  
     789 628 776  
     628 789 637  
     773 790 771  
     791 768 703  
     709 791 703  
     709 792 791  
     793 774 730  
     769 793 730  
     769 770 793  
     741 794 735  
     794 733 735  
     712 771 795  
     795 771 790  
     710 712 795  
     795 792 709  
     795 709 710  
     754 796 748  
     797 737 733  
     733 794 797  
     797 798 737  
     798 746 737  
     785 746 798  
     800 754 679  
     679 729 800  
     782 800 729  
     801 728 777  
     802 794 741  
     802 741 751  
     715 803 788  
     717 803 715  
     805 751 749  
     806 749 747  
     806 805 749  
     807 721 787  
     738 721 807  
     808 637 789  
     808 736 632  
     637 808 632  
     805 809 751  
     751 809 810  
     802 751 810  
     811 804 799  
     812 687 786  
     812 664 687  
     812 598 664  
     806 747 813  
     813 747 753  
     795 814 792  
     799 816 811  
     816 799 815  
     817 815 799  
     818 799 804  
     818 817 799  
     819 728 801  
     780 728 819  
     803 717 820  
     804 811 821  
     784 822 770  
     770 822 793  
     824 781 788  
     778 781 824  
     778 824 790  
     736 808 825  
     825 766 736  
     819 801 826  
     826 823 819  
     826 821 823  
     826 804 821  
     792 827 791  
     792 814 827  
     815 817 828  
     790 829 795  
     828 830 815  
     815 831 816  
     815 830 831  
     832 717 726  
     832 820 717  
     766 825 833  
     833 784 766  
     795 834 814  
     824 835 790  
     835 829 790  
     836 811 816  
     831 836 816  
     837 826 801  
     826 837 804  
     837 818 804  
     793 838 774  
     793 822 838  
     759 839 756  
     840 822 784  
     784 833 840  
     695 682 841  
     707 695 841  
     726 842 832  
     842 726 727  
     756 839 843  
     758 755 843  
     756 843 755  
     844 821 811  
     811 836 844  
     791 845 768  
     791 827 845  
     846 830 828  
     727 722 847  
     727 847 842  
     725 621 848  
     684 848 621  
     849 732 707  
     707 841 849  
     758 843 850  
     761 758 850  
     829 851 795  
     795 851 834  
     852 788 803  
     824 788 852  
     835 824 852  
     848 853 725  
     760 725 853  
     837 801 853  
     853 801 777  
     777 760 853  
     854 836 831  
     854 831 855  
     855 831 830  
     856 722 719  
     856 847 722  
     761 850 857  
     767 761 857  
     759 858 839  
     764 858 759  
     855 830 859  
     859 830 846  
     782 860 800  
     861 783 785  
     861 782 783  
     861 860 782  
     767 857 862  
     772 767 862  
     861 785 863  
     798 863 785  
     774 864 708  
     864 719 708  
     856 719 864  
     865 732 849  
     752 732 865  
     854 866 836  
     840 867 822  
     838 822 867  
     868 851 829  
     868 829 835  
     754 800 869  
     869 796 754  
     851 870 834  
     870 814 834  
     814 870 827  
     852 803 871  
     803 820 871  
     871 820 832  
     854 855 872  
     866 854 872  
     768 873 742  
     873 768 845  
     772 862 874  
     875 772 874  
     775 772 875  
     859 846 876  
     764 877 858  
     878 863 798  
     797 878 798  
     774 879 864  
     838 879 774  
     878 797 880  
     881 797 794  
     797 881 880  
     882 869 800  
     800 860 882  
     868 835 883  
     835 852 883  
     852 871 883  
     885 775 875  
     885 779 775  
     886 809 884  
     886 810 809  
     794 887 881  
     794 802 887  
     810 887 802  
     887 810 886  
     888 809 805  
     809 888 884  
     838 889 879  
     838 867 889  
     716 742 890  
     742 873 890  
     752 865 891  
     812 892 598  
     870 851 893  
     893 851 868  
     894 779 885  
     894 807 787  
     787 779 894  
     895 855 859  
     716 896 684  
     716 890 896  
     876 897 859  
     895 859 897  
     898 805 806  
     888 805 898  
     684 896 899  
     893 900 870  
     900 827 870  
     900 873 845  
     827 900 845  
     894 901 807  
     902 855 895  
     902 872 855  
     748 903 734  
     868 904 893  
     905 806 813  
     905 898 806  
     906 740 694  
     734 906 694  
     903 906 734  
     908 786 762  
     848 909 853  
     842 911 832  
     871 832 911  
     853 909 912  
     912 837 853  
     912 818 837  
     912 817 818  
     912 846 828  
     912 828 817  
     908 762 913  
     914 903 748  
     796 914 748  
     876 915 897  
     916 915 876  
     868 917 904  
     918 789 776  
     906 919 740  
     919 762 740  
     762 919 913  
     920 872 902  
     920 866 872  
     921 916 876  
     921 876 846  
     912 921 846  
     922 911 842  
     923 808 789  
     923 789 918  
     924 868 883  
     917 868 924  
     925 842 847  
     925 922 842  
     926 893 904  
     900 893 926  
     914 796 927  
     927 796 869  
     928 866 920  
     843 839 929  
     926 930 900  
     873 900 930  
     890 873 930  
     843 929 931  
     931 850 843  
     932 825 808  
     932 808 923  
     933 927 869  
     882 933 869  
     883 934 924  
     935 850 931  
     935 857 850  
     936 839 858  
     936 929 839  
     857 935 937  
     862 857 937  
     847 938 925  
     938 847 856  
     939 833 825  
     939 825 932  
     878 940 863  
     941 915 916  
     860 861 942  
     858 943 936  
     943 858 877  
     907 943 877  
     883 944 934  
     911 922 944  
     871 911 944  
     871 944 883  
     926 904 945  
     904 917 945  
     946 943 907  
     863 947 861  
     942 861 947  
     940 947 863  
     862 937 948  
     948 874 862  
     949 864 879  
     949 856 864  
     856 949 938  
     950 833 939  
     950 840 833  
     897 951 895  
     945 952 926  
     952 930 926  
     897 953 951  
     897 915 953  
     954 860 942  
     954 933 882  
     860 954 882  
     875 955 885  
     875 874 955  
     878 956 940  
     878 880 956  
     957 917 924  
     945 917 957  
     958 874 948  
     955 874 958  
     840 950 959  
     959 867 840  
     960 895 951  
     895 960 902  
     841 682 961  
     675 961 682  
     907 962 946  
     962 866 928  
     941 916 963  
     912 909 963  
     912 963 921  
     916 921 963  
     930 952 964  
     890 930 964  
     896 890 964  
     956 880 965  
     949 879 966  
     966 879 889  
     967 952 945  
     957 967 945  
     885 968 894  
     885 955 968  
     953 915 970  
     941 970 915  
     902 960 971  
     902 971 920  
     971 928 920  
     922 925 972  
     944 922 972  
     889 867 974  
     867 959 974  
     887 975 881  
     975 880 881  
     880 975 965  
     977 962 928  
     971 977 928  
     957 978 967  
     979 899 976  
     841 961 980  
     849 841 980  
     975 887 981  
     886 981 887  
     957 924 982  
     934 982 924  
     978 957 982  
     983 952 967  
     964 952 983  
     889 974 985  
     966 889 985  
     981 886 986  
     986 886 884  
     849 980 987  
     987 865 849  
     986 884 988  
     884 888 988  
     934 989 982  
     989 934 944  
     894 968 990  
     990 901 894  
     963 991 941  
     970 941 991  
     992 971 960  
     993 944 972  
     960 994 992  
     984 994 951  
     960 951 994  
     988 888 995  
     898 995 888  
     987 996 865  
     996 891 865  
     997 976 973  
     954 998 933  
     953 999 951  
     999 984 951  
     1001 949 1000  
     949 1001 938  
     938 1001 1002  
     938 1002 925  
     1003 933 998  
     1003 927 933  
     995 898 1004  
     925 1002 1005  
     972 925 1005  
     953 1006 999  
     970 1006 953  
     989 944 1007  
     944 993 1007  
     1004 898 1008  
     1008 898 905  
     1009 901 990  
     949 1010 1000  
     949 966 1010  
     985 1010 966  
     1011 1007 993  
     1011 972 1005  
     1011 993 972  
     1013 935 931  
     905 1014 1008  
     994 984 1015  
     1003 1016 927  
     927 1016 914  
     1017 891 996  
     1019 967 978  
     1019 983 967  
     935 1013 1020  
     1020 937 935  
     1021 984 999  
     1006 970 1022  
     1022 970 991  
     1023 931 929  
     931 1023 1013  
     937 1020 1024  
     1024 948 937  
     1025 939 932  
     1025 950 939  
     1025 1026 950  
     1026 959 950  
     1026 1029 959  
     1029 974 959  
     1030 958 948  
     1024 1030 948  
     1006 1031 999  
     1033 942 947  
     923 918 1034  
     1035 942 1033  
     1035 954 942  
     1035 998 954  
     976 997 1036  
     1032 1036 997  
     1006 1037 1031  
     1022 1037 1006  
     1038 968 955  
     955 958 1038  
     1030 1039 958  
     1038 958 1039  
     1040 984 1021  
     1015 984 1040  
     940 1041 947  
     1033 947 1041  
     1042 929 936  
     1042 1023 929  
     923 1043 932  
     923 1034 1043  
     940 1044 1041  
     956 1044 940  
     1028 979 1045  
     1046 1020 1013  
     1023 1046 1013  
     999 1047 1021  
     1047 999 1031  
     1007 1048 989  
     1048 982 989  
     1048 978 982  
     1048 1019 978  
     1049 962 977  
     1049 946 962  
     1018 946 1049  
     1001 1050 1002  
     1029 1051 974  
     974 1051 985  
     1046 1052 1020  
     1052 1024 1020  
     1002 1050 1053  
     1002 1053 1005  
     1046 1023 1055  
     1055 1023 1042  
     1052 1056 1024  
     1056 1030 1024  
     1005 1057 1011  
     1005 1053 1057  
     1037 1022 1058  
     1001 1059 1050  
     1038 1060 968  
     1060 990 968  
     932 1043 1061  
     1025 932 1061  
     1062 992 994  
     1011 1064 1007  
     1011 1057 1064  
     1066 1049 977  
     1018 1049 1066  
     1066 977 971  
     1018 1066 1063  
     1067 1026 1025  
     1067 1025 1061  
     1068 956 965  
     1068 1044 956  
     1060 1069 990  
     1069 1009 990  
     1030 1056 1070  
     1070 1039 1030  
     1062 994 1071  
     1015 1071 994  
     1007 1064 1072  
     1007 1072 1048  
     1073 936 943  
     936 1073 1042  
     1074 1001 1000  
     1001 1074 1059  
     1069 1075 1009  
     943 1076 1073  
     946 1076 943  
     946 1018 1076  
     1077 1047 1031  
     1037 1077 1031  
     1026 1067 1078  
     1078 1029 1026  
     1018 1063 1079  
     975 1080 965  
     1068 965 1080  
     1070 1081 1039  
     1081 1038 1039  
     1082 1037 1058  
     1037 1082 1077  
     1010 985 1083  
     985 1051 1083  
     1084 1080 975  
     981 1084 975  
     1085 1069 1060  
     1086 1047 1077  
     1087 1060 1038  
     1087 1085 1060  
     1038 1081 1087  
     1073 1088 1042  
     1055 1042 1088  
     1089 1074 1000  
     1089 1000 1010  
     1089 1010 1083  
     1090 1051 1029  
     1029 1078 1090  
     914 1091 903  
     1016 1091 914  
     1015 1092 1071  
     1040 1092 1015  
     906 1093 919  
     1052 1046 1094  
     981 1095 1084  
     986 1095 981  
     1003 1096 1016  
     1096 1091 1016  
     1058 1054 1097  
     1021 1098 1040  
     1021 1047 1098  
     1086 1098 1047  
     1093 1099 919  
     919 1099 913  
     1052 1094 1100  
     1056 1052 1100  
     1094 1046 1101  
     1101 1046 1055  
     1088 1101 1055  
     913 1102 908  
     1102 913 1099  
     1040 1103 1092  
     1098 1103 1040  
     1104 1088 1073  
     1073 1076 1104  
     906 1105 1093  
     903 1105 906  
     903 1091 1105  
     1085 1107 1069  
     1095 986 1108  
     988 1108 986  
     988 1109 1108  
     995 1109 988  
     1082 1058 1110  
     1056 1100 1111  
     1111 1070 1056  
     1035 1112 998  
     1113 998 1112  
     1003 998 1113  
     1096 1003 1113  
     1069 1107 1114  
     1069 1114 1075  
     995 1115 1109  
     1115 995 1004  
     1051 1090 1116  
     1051 1116 1083  
     1081 1070 1117  
     1070 1111 1117  
     1028 1119 1106  
     1045 1119 1028  
     1053 1120 1057  
     1120 1053 1121  
     1050 1121 1053  
     1122 1032 1118  
     1036 1032 1122  
     1057 1123 1064  
     1123 1057 1120  
     1119 1045 1124  
     1124 1036 1122  
     1124 1045 1036  
     1125 1064 1123  
     1125 1072 1064  
     1041 1126 1033  
     1126 1041 1127  
     1127 1041 1044  
     1128 1085 1087  
     1081 1117 1129  
     1129 1087 1081  
     1087 1129 1128  
     1130 1004 1008  
     1115 1004 1130  
     1131 1121 1050  
     1101 1088 1132  
     1050 1133 1131  
     1059 1133 1050  
     1074 1133 1059  
     1128 1134 1085  
     1134 1107 1085  
     1079 1062 1135  
     1062 1136 1135  
     1136 1062 1071  
     1092 1136 1071  
     1089 1137 1074  
     1137 1133 1074  
     1134 1138 1107  
     1139 1058 1097  
     1139 1110 1058  
     1079 1135 1140  
     1088 1141 1132  
     1088 1104 1141  
     1089 1083 1142  
     1083 1116 1142  
     1107 1143 1114  
     1138 1143 1107  
     1014 1144 1008  
     1130 1008 1144  
     1014 1145 1144  
     1090 1078 1146  
     1146 1116 1090  
     1136 1092 1147  
     1147 1092 1103  
     1148 1137 1089  
     1089 1142 1148  
     1079 1140 1149  
     1149 1018 1079  
     1149 1076 1018  
     1119 1150 1106  
     1097 1106 1150  
     1139 1097 1150  
     1151 1086 1077  
     1151 1152 1086  
     1153 1086 1152  
     1086 1153 1098  
     1150 1119 1154  
     1122 1118 1155  
     1153 1156 1098  
     1156 1103 1098  
     1146 1157 1116  
     1157 1142 1116  
     1147 1103 1158  
     1156 1158 1103  
     1122 1155 1159  
     1124 1122 1159  
     1161 1120 1121  
     1161 1160 1120  
     1131 1161 1121  
     1077 1162 1151  
     1077 1082 1162  
     1110 1162 1082  
     1119 1163 1154  
     1124 1159 1163  
     1163 1119 1124  
     1164 1123 1120  
     1164 1120 1160  
     1123 1165 1125  
     1123 1164 1165  
     1166 1141 1104  
     1149 1166 1076  
     1166 1104 1076  
     1161 1131 1167  
     1110 1168 1162  
     1168 1110 1139  
     1167 1131 1169  
     1169 1131 1133  
     1133 1137 1170  
     1133 1170 1169  
     1171 1148 1142  
     1157 1171 1142  
     1137 1172 1170  
     1148 1172 1137  
     1148 1171 1172  
     1145 1173 1174  
     1145 1174 1144  
     1168 1139 1175  
     1176 1065 1177  
     1065 1102 1178  
     1178 1177 1065  
     1179 1102 1099  
     1179 1178 1102  
     1180 1099 1093  
     1180 1179 1099  
     1093 1181 1180  
     1093 1105 1181  
     1096 1182 1091  
     1091 1182 1105  
     1105 1182 1181  
     1182 1096 1183  
     1113 1183 1096  
     1112 1184 1113  
     1113 1184 1183  
     1185 1184 1112  
     1186 1033 1126  
     1186 1035 1033  
     1186 1112 1035  
     1186 1185 1112  
     525 1187 589  
     1188 1126 1127  
     1126 1188 1186  
     1188 1127 1189  
     1127 1044 1190  
     1068 1190 1044  
     1190 1189 1127  
     1191 1068 1080  
     1191 1190 1068  
     1084 1192 1080  
     1191 1080 1192  
     1084 1193 1192  
     1084 1095 1193  
     1108 1194 1095  
     1193 1095 1194  
     1108 1195 1194  
     1109 1195 1108  
     1115 1196 1109  
     1196 1195 1109  
     1115 1197 1196  
     1130 1197 1115  
     589 1198 604  
     589 1187 1198  
     1144 1199 1130  
     1130 1199 1197  
     1199 1144 1174  
     1173 1200 1174  
     1174 1200 1199  
     1200 1173 1201  
     1138 1202 1143  
     1138 1203 1202  
     1204 1138 1134  
     1204 1203 1138  
     1205 1134 1128  
     1205 1204 1134  
     1206 1128 1129  
     1128 1206 1205  
     1207 1129 1117  
     1129 1207 1206  
     1208 1117 1111  
     1117 1208 1207  
     1209 1111 1100  
     1209 1208 1111  
     604 1210 763  
     604 1198 1210  
     1211 1100 1094  
     1211 1209 1100  
     1101 1211 1094  
     1212 1101 1132  
     1101 1212 1211  
     1132 1213 1212  
     1132 1214 1213  
     1132 1141 1215  
     1132 1215 1214  
     1141 1216 1215  
     1141 1166 1216  
     1166 1149 1216  
     1216 1149 1217  
     1218 1149 1140  
     1218 1217 1149  
     1219 1140 1135  
     1219 1218 1140  
     1147 1220 1136  
     1220 1135 1136  
     1135 1220 1219  
     1158 1221 1147  
     1220 1147 1221  
     1221 1158 1222  
     1223 1158 1156  
     1158 1223 1222  
     1156 1153 1224  
     1156 1224 1223  
     1225 1153 1152  
     1225 1224 1153  
     1226 763 1210  
     1162 1227 1151  
     1152 1151 1227  
     1152 1227 1225  
     1168 1228 1162  
     1227 1162 1228  
     1168 1229 1228  
     1175 1229 1168  
     1175 1230 1229  
     1154 1231 1150  
     1139 1150 1231  
     1175 1139 1231  
     1175 1231 1230  
     1154 1232 1231  
     1233 1154 1163  
     1233 1232 1154  
     1234 1163 1159  
     1234 1233 1163  
     1159 1235 1234  
     1235 1159 1155  
     1164 1236 1165  
     763 1226 1237  
     697 763 1237  
     618 697 1237  
     1238 1164 1160  
     1164 1238 1236  
     1238 1160 1239  
     1161 1239 1160  
     1167 1240 1161  
     1161 1240 1239  
     1240 1167 1241  
     1242 1167 1169  
     1241 1167 1242  
     1172 1243 1170  
     1169 1170 1243  
     1169 1243 1242  
     1172 1244 1243  
     1245 1172 1171  
     1245 1244 1172  
     1246 1171 1157  
     1246 1245 1171  
     1247 1157 1146  
     1247 1246 1157  
     1248 1146 1078  
     1247 1146 1248  
     1249 1078 1067  
     1248 1078 1249  
     618 1250 731  
     618 1237 1250  
     1251 1067 1061  
     1249 1067 1251  
     1252 1061 1043  
     1251 1061 1252  
     1253 1043 1034  
     1252 1043 1253  
     731 1250 1255  
     1257 731 1255  
     669 731 1257  
     1258 1017 996  
     1256 1017 1258  
     996 1259 1258  
     996 987 1259  
     1259 987 980  
     1259 980 1260  
     1260 980 961  
     1261 669 1257  
     1260 961 1262  
     1263 669 1261  
     507 669 1263  
     1264 1262 961  
     1264 961 675  
     1264 675 507  
     1264 507 1263  
     1265 812 786  
     812 1265 892  
     1265 786 908  
     1265 908 1102  
     1065 1265 1102  
     1265 1065 1176  
     1265 1176 892  
     1266 127 206  
     1266 93 127  
     1266 206 182  
     1266 182 54  
     58 93 1266  
     1266 54 52  
     40 1266 52  
     33 1266 40  
     58 1266 33  
     1267 29 25  
     29 1267 22  
     48 1267 25  
     48 1267 25  
     48 25 1267  
     32 22 1267  
     78 32 1267  
     78 1267 56  
     48 56 1267  
     48 56 1267  
     1268 46 44  
     1268 40 46  
     1268 44 46  
     1268 46 40  
     1268 44 47  
     1268 47 44  
     37 1268 44  
     44 1268 40  
     33 40 1268  
     31 1268 37  
     28 33 1268  
     28 1268 31  
     1269 1079 1063  
     1269 1062 1079  
     1269 1063 1066  
     1269 992 1062  
     1269 971 992  
     1066 971 1269  
     1270 844 836  
     1270 821 844  
     1270 836 866  
     1270 866 962  
     1270 823 821  
     1270 819 823  
     907 1270 962  
     1270 907 877  
     1270 780 819  
     1270 877 764  
     1270 764 780  
     979 1272 899  
     1271 899 1272  
     1271 1272 969  
     1272 979 1273  
     1272 1273 969  
     1274 969 1273  
     1012 969 1274  
     1274 1273 979  
     1028 1274 979  
     1275 1274 1028  
     1275 1012 1274  
     1097 1276 1106  
     1012 1276 1054  
     1097 1054 1276  
     1276 1277 1106  
     1277 1028 1106  
     1276 1012 1277  
     1275 1277 1012  
     1275 1028 1277  
     1058 1278 1054  
     1278 1022 991  
     1058 1022 1278  
     1278 1279 1054  
     1278 991 1279  
     1279 991 1280  
     1054 1279 1280  
     1054 1280 1012  
     1281 1012 1280  
     1281 1280 991  
     1281 991 963  
     1281 963 1282  
     1281 1282 1012  
     1282 969 1012  
     1282 1283 969  
     1283 1271 969  
     1282 963 1283  
     963 909 1283  
     1283 909 1284  
     1283 1284 1271  
     1271 1285 899  
     1284 909 1285  
     1271 1284 1285  
     1285 1286 899  
     1286 684 899  
     1285 909 1286  
     1286 848 684  
     909 848 1286  
     1287 1165 1236  
     1288 1125 1165  
     1118 1288 1155  
     1288 1235 1155  
     1288 1165 1287  
     1235 1288 1287  
     1288 1289 1125  
     1118 1289 1288  
     1125 1290 1072  
     1290 1048 1072  
     1125 1289 1290  
     1289 1118 1290  
     1291 1019 1048  
     1290 1291 1048  
     1290 1118 1291  
     1291 1292 1019  
     1291 1118 1292  
     1032 1292 1118  
     1293 1292 1032  
     1293 1019 1292  
     997 1293 1032  
     1293 1294 1019  
     1294 983 1019  
     1293 997 1294  
     1294 1295 983  
     1294 997 1295  
     973 1295 997  
     973 1296 1295  
     1296 983 1295  
     1296 964 983  
     1296 1297 964  
     896 964 1297  
     1296 973 1297  
     896 1297 973  
     1045 1298 1036  
     1036 1298 976  
     1045 979 1298  
     1298 979 976  
     976 1299 973  
     973 1299 896  
     976 899 1299  
     1299 899 896  
     1300 131 121  
     1300 103 131  
     1300 121 119  
     1300 119 108  
     1300 108 98  
     1300 98 103  
     1301 1027 1254  
     1301 1302 1027  
     1027 1302 910  
     1253 1302 1301  
     1253 1034 1302  
     910 1302 1303  
     1302 1034 1303  
     1303 765 910  
     1303 1034 918  
     918 1304 1303  
     1304 765 1303  
     776 1304 918  
     1304 619 765  
     776 1305 1304  
     1305 619 1304  
     628 1305 776  
     1305 513 619  
     1305 1306 513  
     1306 390 513  
     628 1306 1305  
     628 521 1306  
     1306 1307 390  
     1307 269 390  
     521 1307 1306  
     521 409 1307  
     1307 409 291  
     1307 1308 269  
     1307 291 1308  
     186 1308 291  
     1309 1308 186  
     1309 269 1308  
     156 1309 186  
     1309 180 269  
     156 180 1309  
     1256 1310 1017  
     1310 891 1017  
     1310 1027 910  
     1311 1310 1256  
     1311 1027 1310  
     1311 1254 1027  
     1310 1312 891  
     1310 910 1312  
     891 1313 752  
     752 1313 601  
     891 1312 1313  
     1312 910 1313  
     1313 910 765  
     601 1313 1314  
     1313 765 1314  
     1314 505 601  
     1314 765 619  
     1314 1315 505  
     1315 357 505  
     619 1315 1314  
     619 513 1315  
     1315 1316 357  
     513 1316 1315  
     513 390 1316  
     1316 390 269  
     1317 357 1316  
     1317 256 357  
     1316 269 1317  
     1317 172 256  
     180 1317 269  
     1317 1318 172  
     1318 147 172  
     1317 180 1318  
     1318 180 147